1312060100
1312060101
1312060102
1312060103
1312060104
1312060105
1312060106
1312060107
1312060108
1312060109
1312060110
1312060111
1312060112
1312060113
1312060114
1312060115
1312060116
1312060117
1312060118
1312060119
1312060120
1312060121
1312060122
1312060123
1312060124
1312060125
1312060126
1312060127
1312060128
1312060129
1312060130
1312060131
1312060132
1312060133
1312060134
1312060135
1312060136
1312060137
1312060138
1312060139
1312060140
1312060141
1312060142
1312060143
1312060144
1312060145
1312060146
1312060147
1312060148
1312060149
1312060150
1312060151
1312060152
1312060153
1312060154
1312060155
1312060156
1312060157
1312060158
1312060159
1312060160
1312060161
1312060162
1312060163
1312060164
1312060165
1312060166
1312060167
1312060168
1312060169
1312060170
1312060171
1312060172
1312060173
1312060174
1312060175
1312060176
1312060177
1312060178
1312060179
1312060180
1312060181
1312060182
1312060183
1312060184
1312060185
1312060186
1312060187
1312060188
1312060189
1312060190
1312060191
1312060192
1312060193
1312060194
1312060195
1312060196
1312060197
1312060198
1312060199
