1312060200
1312060201
1312060202
1312060203
1312060204
1312060205
1312060206
1312060207
1312060208
1312060209
1312060210
1312060211
1312060212
1312060213
1312060214
1312060215
1312060216
1312060217
1312060218
1312060219
1312060220
1312060221
1312060222
1312060223
1312060224
1312060225
1312060226
1312060227
1312060228
1312060229
1312060230
1312060231
1312060232
1312060233
1312060234
1312060235
1312060236
1312060237
1312060238
1312060239
1312060240
1312060241
1312060242
1312060243
1312060244
1312060245
1312060246
1312060247
1312060248
1312060249
1312060250
1312060251
1312060252
1312060253
1312060254
1312060255
1312060256
1312060257
1312060258
1312060259
1312060260
1312060261
1312060262
1312060263
1312060264
1312060265
1312060266
1312060267
1312060268
1312060269
1312060270
1312060271
1312060272
1312060273
1312060274
1312060275
1312060276
1312060277
1312060278
1312060279
1312060280
1312060281
1312060282
1312060283
1312060284
1312060285
1312060286
1312060287
1312060288
1312060289
1312060290
1312060291
1312060292
1312060293
1312060294
1312060295
1312060296
1312060297
1312060298
1312060299
