010076
010077
010078
010079
010090
010091
010092
010093
010094
010095
010096
010097
010098
010099
010110
010111
010112
010113
010114
010115
010116
010117
010118
010119
010130
010131
010132
010133
010134
010135
010136
010137
010138
010139
010150
010151
010152
010153
010154
010155
010156
010157
010158
010159
010170
010171
010172
010173
010174
010175
010176
010177
010178
010179
010190
010191
010192
010193
010194
010195
010196
010197
010198
165559
010199
010210
010211
010212
010213
010214
010215
010216
010217
010218
010219
010230
010231
010232
010233
010234
010235
010236
010237
010238
010239
010250
010251
010252
010253
010254
010255
010256
010257
010258
010259
010270
010271
010272
010273
010274
010275
010276
010277
010278
010279
010290
010291
010292
010293
010294
010295
010296
010297
010298
010299
010310
010311
010312
010313
010314
010315
010316
010317
010318
010319
010330
010331
010332
010333
010334
010335
010336
010337
010338
010339
010350
010351
010352
010353
010354
010355
010356
010357
010358
010359
010370
010371
010372
010373
010374
010375
010376
010377
010378
010379
010390
010391
010392
010393
010394
010395
010396
010397
010398
010399
010410
010411
010412
010413
010414
010415
010416
010417
010418
010419
010430
010431
010432
010433
010434
010435
010436
010437
010438
010439
010450
010451
010452
010453
010454
010455
010456
010457
010458
010459
010470
010471
010472
010473
010474
010475
010476
010477
010478
010479
010490
010491
010492
010493
010494
010495
010496
010497
010498
010499
010510
010511
010512
010513
010514
010515
010516
010517
010518
010519
010530
010531
010532
010533
010534
010535